id,date,confirmed,cured,died,curConfirm,curConfirmRelative
1,2021-09-18,228478989,205095178,4690218,18693593,555770
2,2021-09-19,229002272,205629989,4697290,18674993,523283
3,2021-09-20,229362599,206027092,4702642,18632865,360327
4,2021-09-21,229896604,206585667,4711210,18599727,534005
5,2021-09-22,230406092,207137583,4720205,18548304,509488
6,2021-09-23,230973362,207661336,4730383,18581643,567270
7,2021-09-24,231434562,208113581,4739701,18581280,461200
8,2021-09-25,231959902,208583265,4748288,18628349,525340
9,2021-09-26,232335316,208956612,4754016,18624688,375414
10,2021-09-27,232644003,209287410,4758758,18597835,308687
11,2021-09-28,233169189,209945311,4767466,18456412,525186
12,2021-09-29,233608143,210450957,4776369,18380817,438954
13,2021-09-30,234152621,210967688,4785777,18399156,544478
14,2021-10-01,234613162,211419240,4795093,18398829,460541
15,2021-10-02,235111012,211890873,4802850,18417289,497850
16,2021-10-03,235444713,212310279,4808162,18326272,333701
17,2021-10-04,235728431,212645939,4812754,18269738,283718
18,2021-10-05,236224989,213309855,4820332,18094802,496558
19,2021-10-06,236655808,213777248,4828936,18049624,430819
20,2021-10-07,237173979,214307093,4838458,18028428,518171
21,2021-10-08,237619406,214686009,4847078,18086319,445427
22,2021-10-09,238057721,215202180,4854701,18000840,438315
23,2021-10-10,238391196,215545197,4859597,17986402,333475
24,2021-10-11,238689427,215876547,4864234,17948646,298231
25,2021-10-12,239084546,216341810,4870348,17872388,395119
26,2021-10-13,239552538,216890377,4879354,17782807,467992
27,2021-10-14,240030657,217337663,4887023,17805971,478119
28,2021-10-15,240475705,217747325,4894894,17833486,445048
29,2021-10-16,240896734,218133055,4901924,17861755,421029
30,2021-10-17,241241037,218463260,4906998,17870779,344303
31,2021-10-18,241486889,218710707,4911136,17865046,245852
32,2021-10-19,241982195,219291408,4918702,17772085,495306
33,2021-10-20,242454200,219721721,4926780,17805699,472005
34,2021-10-21,242916273,220133425,4935392,17847456,462073
35,2021-10-22,243385467,220506289,4943119,17936059,469194
36,2021-10-23,243824528,220914272,4950785,17959471,439061
37,2021-10-24,244185900,221212953,4956758,18016189,361372
38,2021-10-25,244492477,221490033,4961263,18041181,306577
39,2021-10-26,244889124,221977691,4968554,17942879,396647
40,2021-10-27,245413119,222426705,4977923,18008491,523995
41,2021-10-28,245885738,222803929,4986493,18095316,472619
42,2021-10-29,246396773,223221760,4994313,18180700,511035
43,2021-10-30,246876926,223606254,5002896,18267776,480153
44,2021-10-31,247152654,223865780,5007667,18279207,275728
45,2021-11-01,247478057,224134173,5011998,18331886,325403
46,2021-11-02,247888633,224563873,5018471,18306289,410576
47,2021-11-03,248333898,225009181,5026485,18298232,445265
48,2021-11-04,248913733,225470373,5035241,18408119,579835
49,2021-11-05,249448509,225858431,5043301,18546777,534776
50,2021-11-06,249946113,226238152,5051858,18656103,497604
51,2021-11-07,250313991,226573223,5057411,18683357,367878
52,2021-11-08,250641121,226857447,5061991,18721683,327130
53,2021-11-09,251120690,227344492,5069266,18706932,479569
54,2021-11-10,251664402,227812362,5078301,18773739,543712
55,2021-11-11,252250194,228254584,5086774,18908836,585792
56,2021-11-12,252767345,228633007,5093700,19040638,517151
57,2021-11-13,253302585,229080204,5102530,19119851,535240
58,2021-11-14,253715115,229413953,5108048,19193114,412530
59,2021-11-15,254104672,229738664,5112822,19253186,389557
60,2021-11-16,254673339,230225867,5120466,19327006,568667
