id,date,confirmed,unconfirmed,cured,died,curConfirmRelative,unconfirmedRelative,cureRelative,diedRelative,overseasInput,overseasInputRelative
1,2021-10-03,124805,0,116491,5692,33,0,49,0,9140,26
2,2021-10-04,124843,1,116524,5693,38,1,33,1,9166,26
3,2021-10-05,124884,1,116573,5693,41,0,49,0,9190,24
4,2021-10-06,124920,2,116630,5693,36,1,57,0,9215,25
5,2021-10-07,124954,2,116683,5693,34,0,53,0,9237,22
6,2021-10-08,124987,2,116723,5694,33,1,40,1,9254,17
7,2021-10-09,125023,1,116783,5695,36,0,60,1,9278,24
8,2021-10-10,125055,1,116827,5695,32,0,44,0,9303,25
9,2021-10-11,125085,1,116889,5695,30,0,62,0,9315,25
10,2021-10-12,125115,2,116938,5695,30,1,49,0,9337,22
11,2021-10-13,125143,2,116980,5695,28,0,42,0,9357,20
12,2021-10-14,125162,2,117075,5695,19,1,95,0,9367,10
13,2021-10-15,125189,2,117133,5695,27,0,58,0,9381,14
14,2021-10-16,125226,1,117164,5695,37,0,31,0,9400,19
15,2021-10-17,125254,1,117194,5695,28,0,30,0,9422,22
16,2021-10-18,125284,2,117223,5695,30,1,29,0,9438,16
17,2021-10-19,125322,2,117266,5695,38,0,43,0,9451,13
18,2021-10-20,125351,1,117305,5695,29,0,39,0,9459,8
19,2021-10-21,125402,1,117325,5695,51,0,20,0,9474,15
20,2021-10-22,125462,2,117350,5695,60,1,25,0,9486,12
21,2021-10-23,125518,2,117382,5695,56,0,32,0,9503,17
22,2021-10-24,125565,3,117415,5695,47,1,33,0,9507,4
23,2021-10-25,125620,4,117432,5696,55,1,17,1,9521,14
24,2021-10-26,125686,4,117457,5696,66,0,25,0,9530,9
25,2021-10-27,125738,4,117484,5696,52,0,27,0,9546,16
26,2021-10-28,125810,3,117512,5696,72,1,28,0,9562,16
27,2021-10-29,125898,3,117528,5696,88,0,16,0,9581,19
28,2021-10-30,125979,6,117550,5696,81,3,22,0,9604,23
29,2021-10-31,126078,5,117587,5696,99,1,37,0,9637,33
30,2021-11-01,126155,3,117615,5696,77,2,28,0,9654,17
31,2021-11-02,126270,3,117638,5696,115,1,23,0,9670,16
32,2021-11-03,126384,4,117662,5696,114,3,24,0,9687,17
33,2021-11-04,126471,4,117692,5696,87,1,30,0,9697,10
34,2021-11-05,126534,1,117735,5696,63,0,43,0,9712,15
35,2021-11-06,126616,3,117782,5696,82,2,47,0,9736,24
36,2021-11-07,126710,1,117838,5696,94,0,56,0,9760,24
37,2021-11-08,126775,1,117880,5696,65,0,42,0,9779,19
38,2021-11-09,126836,2,117934,5697,61,1,54,1,9794,15
39,2021-11-10,126908,2,117972,5697,72,0,38,0,9809,15
40,2021-11-11,127018,2,118038,5697,110,0,66,0,9828,19
41,2021-11-12,127104,3,118119,5697,86,1,81,0,9846,18
42,2021-11-13,127199,2,118182,5697,95,0,63,0,9865,19
43,2021-11-14,127260,4,118240,5697,61,2,58,0,9885,20
44,2021-11-15,127297,2,118316,5697,37,1,76,0,9896,11
45,2021-11-16,127331,4,118392,5697,34,2,76,0,9919,23
46,2021-11-17,127374,3,118452,5697,43,0,60,0,9948,29
47,2021-11-18,127405,2,118508,5697,31,0,56,0,9964,16
48,2021-11-19,127439,2,118581,5697,34,0,73,0,9984,20
49,2021-11-20,127463,3,118660,5697,24,1,79,0,9997,13
50,2021-11-21,127512,4,118752,5697,49,2,92,0,10028,31
51,2021-11-22,127537,3,118820,5697,25,0,68,0,10042,14
52,2021-11-23,127572,1,118892,5697,35,0,72,0,10060,18
53,2021-11-24,127602,2,118962,5697,30,1,70,0,10082,22
54,2021-11-25,127631,4,119031,5697,29,2,69,0,10091,9
55,2021-11-26,127672,2,119110,5697,41,0,79,0,10111,20
56,2021-11-27,127710,3,119159,5697,38,2,49,0,10131,20
57,2021-11-28,127764,3,119201,5697,54,0,42,0,10151,20
58,2021-11-29,127814,3,119238,5697,50,0,37,0,10169,18
59,2021-11-30,127938,2,119275,5697,124,0,37,0,10191,22
60,2021-12-01,128022,2,119314,5697,84,1,39,0,10211,20
